# nblocks max_level ndim NBx NBy NBz Nfx Nfy Nfz
373 2 2 8 8 1 256 256 1
# ib level lx ly lz x0 x1 y0 y1 z0 z1
0 0 0 0 0 0 0.125 0 0.125 0 1
1 0 2 0 0 0.25 0.375 0 0.125 0 1
2 0 3 0 0 0.375 0.5 0 0.125 0 1
3 0 4 0 0 0.5 0.625 0 0.125 0 1
4 0 7 0 0 0.875 1 0 0.125 0 1
5 0 0 3 0 0 0.125 0.375 0.5 0 1
6 0 1 3 0 0.125 0.25 0.375 0.5 0 1
7 0 2 3 0 0.25 0.375 0.375 0.5 0 1
8 0 3 3 0 0.375 0.5 0.375 0.5 0 1
9 0 4 3 0 0.5 0.625 0.375 0.5 0 1
10 0 5 3 0 0.625 0.75 0.375 0.5 0 1
11 0 6 3 0 0.75 0.875 0.375 0.5 0 1
12 0 7 3 0 0.875 1 0.375 0.5 0 1
13 0 0 4 0 0 0.125 0.5 0.625 0 1
14 0 1 4 0 0.125 0.25 0.5 0.625 0 1
15 0 2 4 0 0.25 0.375 0.5 0.625 0 1
16 0 3 4 0 0.375 0.5 0.5 0.625 0 1
17 0 4 4 0 0.5 0.625 0.5 0.625 0 1
18 0 5 4 0 0.625 0.75 0.5 0.625 0 1
19 0 6 4 0 0.75 0.875 0.5 0.625 0 1
20 0 7 4 0 0.875 1 0.5 0.625 0 1
21 0 0 7 0 0 0.125 0.875 1 0 1
22 0 1 7 0 0.125 0.25 0.875 1 0 1
23 0 2 7 0 0.25 0.375 0.875 1 0 1
24 0 3 7 0 0.375 0.5 0.875 1 0 1
25 0 4 7 0 0.5 0.625 0.875 1 0 1
26 0 5 7 0 0.625 0.75 0.875 1 0 1
27 0 6 7 0 0.75 0.875 0.875 1 0 1
28 0 7 7 0 0.875 1 0.875 1 0 1
29 1 0 2 0 0 0.0625 0.125 0.1875 0 1
30 1 1 2 0 0.0625 0.125 0.125 0.1875 0 1
31 1 2 2 0 0.125 0.1875 0.125 0.1875 0 1
32 1 5 2 0 0.3125 0.375 0.125 0.1875 0 1
33 1 6 2 0 0.375 0.4375 0.125 0.1875 0 1
34 1 7 2 0 0.4375 0.5 0.125 0.1875 0 1
35 1 8 2 0 0.5 0.5625 0.125 0.1875 0 1
36 1 9 2 0 0.5625 0.625 0.125 0.1875 0 1
37 1 10 2 0 0.625 0.6875 0.125 0.1875 0 1
38 1 13 2 0 0.8125 0.875 0.125 0.1875 0 1
39 1 14 2 0 0.875 0.9375 0.125 0.1875 0 1
40 1 15 2 0 0.9375 1 0.125 0.1875 0 1
41 1 0 5 0 0 0.0625 0.3125 0.375 0 1
42 1 1 5 0 0.0625 0.125 0.3125 0.375 0 1
43 1 2 5 0 0.125 0.1875 0.3125 0.375 0 1
44 1 3 5 0 0.1875 0.25 0.3125 0.375 0 1
45 1 4 5 0 0.25 0.3125 0.3125 0.375 0 1
46 1 5 5 0 0.3125 0.375 0.3125 0.375 0 1
47 1 6 5 0 0.375 0.4375 0.3125 0.375 0 1
48 1 7 5 0 0.4375 0.5 0.3125 0.375 0 1
49 1 8 5 0 0.5 0.5625 0.3125 0.375 0 1
50 1 9 5 0 0.5625 0.625 0.3125 0.375 0 1
51 1 10 5 0 0.625 0.6875 0.3125 0.375 0 1
52 1 11 5 0 0.6875 0.75 0.3125 0.375 0 1
53 1 12 5 0 0.75 0.8125 0.3125 0.375 0 1
54 1 13 5 0 0.8125 0.875 0.3125 0.375 0 1
55 1 14 5 0 0.875 0.9375 0.3125 0.375 0 1
56 1 15 5 0 0.9375 1 0.3125 0.375 0 1
57 1 0 10 0 0 0.0625 0.625 0.6875 0 1
58 1 1 10 0 0.0625 0.125 0.625 0.6875 0 1
59 1 2 10 0 0.125 0.1875 0.625 0.6875 0 1
60 1 3 10 0 0.1875 0.25 0.625 0.6875 0 1
61 1 4 10 0 0.25 0.3125 0.625 0.6875 0 1
62 1 5 10 0 0.3125 0.375 0.625 0.6875 0 1
63 1 6 10 0 0.375 0.4375 0.625 0.6875 0 1
64 1 7 10 0 0.4375 0.5 0.625 0.6875 0 1
65 1 8 10 0 0.5 0.5625 0.625 0.6875 0 1
66 1 9 10 0 0.5625 0.625 0.625 0.6875 0 1
67 1 10 10 0 0.625 0.6875 0.625 0.6875 0 1
68 1 11 10 0 0.6875 0.75 0.625 0.6875 0 1
69 1 12 10 0 0.75 0.8125 0.625 0.6875 0 1
70 1 13 10 0 0.8125 0.875 0.625 0.6875 0 1
71 1 14 10 0 0.875 0.9375 0.625 0.6875 0 1
72 1 15 10 0 0.9375 1 0.625 0.6875 0 1
73 1 0 13 0 0 0.0625 0.8125 0.875 0 1
74 1 1 13 0 0.0625 0.125 0.8125 0.875 0 1
75 1 2 13 0 0.125 0.1875 0.8125 0.875 0 1
76 1 3 13 0 0.1875 0.25 0.8125 0.875 0 1
77 1 4 13 0 0.25 0.3125 0.8125 0.875 0 1
78 1 5 13 0 0.3125 0.375 0.8125 0.875 0 1
79 1 6 13 0 0.375 0.4375 0.8125 0.875 0 1
80 1 7 13 0 0.4375 0.5 0.8125 0.875 0 1
81 1 8 13 0 0.5 0.5625 0.8125 0.875 0 1
82 1 9 13 0 0.5625 0.625 0.8125 0.875 0 1
83 1 10 13 0 0.625 0.6875 0.8125 0.875 0 1
84 1 11 13 0 0.6875 0.75 0.8125 0.875 0 1
85 1 12 13 0 0.75 0.8125 0.8125 0.875 0 1
86 1 13 13 0 0.8125 0.875 0.8125 0.875 0 1
87 1 14 13 0 0.875 0.9375 0.8125 0.875 0 1
88 1 15 13 0 0.9375 1 0.8125 0.875 0 1
89 2 0 6 0 0 0.03125 0.1875 0.21875 0 1
90 2 1 6 0 0.03125 0.0625 0.1875 0.21875 0 1
91 2 0 7 0 0 0.03125 0.21875 0.25 0 1
92 2 1 7 0 0.03125 0.0625 0.21875 0.25 0 1
93 2 2 6 0 0.0625 0.09375 0.1875 0.21875 0 1
94 2 3 6 0 0.09375 0.125 0.1875 0.21875 0 1
95 2 2 7 0 0.0625 0.09375 0.21875 0.25 0 1
96 2 3 7 0 0.09375 0.125 0.21875 0.25 0 1
97 2 4 6 0 0.125 0.15625 0.1875 0.21875 0 1
98 2 5 6 0 0.15625 0.1875 0.1875 0.21875 0 1
99 2 4 7 0 0.125 0.15625 0.21875 0.25 0 1
100 2 5 7 0 0.15625 0.1875 0.21875 0.25 0 1
101 2 6 6 0 0.1875 0.21875 0.1875 0.21875 0 1
102 2 7 6 0 0.21875 0.25 0.1875 0.21875 0 1
103 2 6 7 0 0.1875 0.21875 0.21875 0.25 0 1
104 2 7 7 0 0.21875 0.25 0.21875 0.25 0 1
105 2 8 6 0 0.25 0.28125 0.1875 0.21875 0 1
106 2 9 6 0 0.28125 0.3125 0.1875 0.21875 0 1
107 2 8 7 0 0.25 0.28125 0.21875 0.25 0 1
108 2 9 7 0 0.28125 0.3125 0.21875 0.25 0 1
109 2 10 6 0 0.3125 0.34375 0.1875 0.21875 0 1
110 2 11 6 0 0.34375 0.375 0.1875 0.21875 0 1
111 2 10 7 0 0.3125 0.34375 0.21875 0.25 0 1
112 2 11 7 0 0.34375 0.375 0.21875 0.25 0 1
113 2 12 6 0 0.375 0.40625 0.1875 0.21875 0 1
114 2 13 6 0 0.40625 0.4375 0.1875 0.21875 0 1
115 2 12 7 0 0.375 0.40625 0.21875 0.25 0 1
116 2 13 7 0 0.40625 0.4375 0.21875 0.25 0 1
117 2 14 6 0 0.4375 0.46875 0.1875 0.21875 0 1
118 2 15 6 0 0.46875 0.5 0.1875 0.21875 0 1
119 2 14 7 0 0.4375 0.46875 0.21875 0.25 0 1
120 2 15 7 0 0.46875 0.5 0.21875 0.25 0 1
121 2 16 6 0 0.5 0.53125 0.1875 0.21875 0 1
122 2 17 6 0 0.53125 0.5625 0.1875 0.21875 0 1
123 2 16 7 0 0.5 0.53125 0.21875 0.25 0 1
124 2 17 7 0 0.53125 0.5625 0.21875 0.25 0 1
125 2 18 6 0 0.5625 0.59375 0.1875 0.21875 0 1
126 2 19 6 0 0.59375 0.625 0.1875 0.21875 0 1
127 2 18 7 0 0.5625 0.59375 0.21875 0.25 0 1
128 2 19 7 0 0.59375 0.625 0.21875 0.25 0 1
129 2 20 6 0 0.625 0.65625 0.1875 0.21875 0 1
130 2 21 6 0 0.65625 0.6875 0.1875 0.21875 0 1
131 2 20 7 0 0.625 0.65625 0.21875 0.25 0 1
132 2 21 7 0 0.65625 0.6875 0.21875 0.25 0 1
133 2 22 6 0 0.6875 0.71875 0.1875 0.21875 0 1
134 2 23 6 0 0.71875 0.75 0.1875 0.21875 0 1
135 2 22 7 0 0.6875 0.71875 0.21875 0.25 0 1
136 2 23 7 0 0.71875 0.75 0.21875 0.25 0 1
137 2 24 6 0 0.75 0.78125 0.1875 0.21875 0 1
138 2 25 6 0 0.78125 0.8125 0.1875 0.21875 0 1
139 2 24 7 0 0.75 0.78125 0.21875 0.25 0 1
140 2 25 7 0 0.78125 0.8125 0.21875 0.25 0 1
141 2 26 6 0 0.8125 0.84375 0.1875 0.21875 0 1
142 2 27 6 0 0.84375 0.875 0.1875 0.21875 0 1
143 2 26 7 0 0.8125 0.84375 0.21875 0.25 0 1
144 2 27 7 0 0.84375 0.875 0.21875 0.25 0 1
145 2 28 6 0 0.875 0.90625 0.1875 0.21875 0 1
146 2 29 6 0 0.90625 0.9375 0.1875 0.21875 0 1
147 2 28 7 0 0.875 0.90625 0.21875 0.25 0 1
148 2 29 7 0 0.90625 0.9375 0.21875 0.25 0 1
149 2 30 6 0 0.9375 0.96875 0.1875 0.21875 0 1
150 2 31 6 0 0.96875 1 0.1875 0.21875 0 1
151 2 30 7 0 0.9375 0.96875 0.21875 0.25 0 1
152 2 31 7 0 0.96875 1 0.21875 0.25 0 1
153 2 0 8 0 0 0.03125 0.25 0.28125 0 1
154 2 1 8 0 0.03125 0.0625 0.25 0.28125 0 1
155 2 0 9 0 0 0.03125 0.28125 0.3125 0 1
156 2 1 9 0 0.03125 0.0625 0.28125 0.3125 0 1
157 2 2 8 0 0.0625 0.09375 0.25 0.28125 0 1
158 2 3 8 0 0.09375 0.125 0.25 0.28125 0 1
159 2 2 9 0 0.0625 0.09375 0.28125 0.3125 0 1
160 2 3 9 0 0.09375 0.125 0.28125 0.3125 0 1
161 2 4 8 0 0.125 0.15625 0.25 0.28125 0 1
162 2 5 8 0 0.15625 0.1875 0.25 0.28125 0 1
163 2 4 9 0 0.125 0.15625 0.28125 0.3125 0 1
164 2 5 9 0 0.15625 0.1875 0.28125 0.3125 0 1
165 2 6 8 0 0.1875 0.21875 0.25 0.28125 0 1
166 2 7 8 0 0.21875 0.25 0.25 0.28125 0 1
167 2 6 9 0 0.1875 0.21875 0.28125 0.3125 0 1
168 2 7 9 0 0.21875 0.25 0.28125 0.3125 0 1
169 2 8 8 0 0.25 0.28125 0.25 0.28125 0 1
170 2 9 8 0 0.28125 0.3125 0.25 0.28125 0 1
171 2 8 9 0 0.25 0.28125 0.28125 0.3125 0 1
172 2 9 9 0 0.28125 0.3125 0.28125 0.3125 0 1
173 2 10 8 0 0.3125 0.34375 0.25 0.28125 0 1
174 2 11 8 0 0.34375 0.375 0.25 0.28125 0 1
175 2 10 9 0 0.3125 0.34375 0.28125 0.3125 0 1
176 2 11 9 0 0.34375 0.375 0.28125 0.3125 0 1
177 2 12 8 0 0.375 0.40625 0.25 0.28125 0 1
178 2 13 8 0 0.40625 0.4375 0.25 0.28125 0 1
179 2 12 9 0 0.375 0.40625 0.28125 0.3125 0 1
180 2 13 9 0 0.40625 0.4375 0.28125 0.3125 0 1
181 2 14 8 0 0.4375 0.46875 0.25 0.28125 0 1
182 2 15 8 0 0.46875 0.5 0.25 0.28125 0 1
183 2 14 9 0 0.4375 0.46875 0.28125 0.3125 0 1
184 2 15 9 0 0.46875 0.5 0.28125 0.3125 0 1
185 2 16 8 0 0.5 0.53125 0.25 0.28125 0 1
186 2 17 8 0 0.53125 0.5625 0.25 0.28125 0 1
187 2 16 9 0 0.5 0.53125 0.28125 0.3125 0 1
188 2 17 9 0 0.53125 0.5625 0.28125 0.3125 0 1
189 2 18 8 0 0.5625 0.59375 0.25 0.28125 0 1
190 2 19 8 0 0.59375 0.625 0.25 0.28125 0 1
191 2 18 9 0 0.5625 0.59375 0.28125 0.3125 0 1
192 2 19 9 0 0.59375 0.625 0.28125 0.3125 0 1
193 2 20 8 0 0.625 0.65625 0.25 0.28125 0 1
194 2 21 8 0 0.65625 0.6875 0.25 0.28125 0 1
195 2 20 9 0 0.625 0.65625 0.28125 0.3125 0 1
196 2 21 9 0 0.65625 0.6875 0.28125 0.3125 0 1
197 2 22 8 0 0.6875 0.71875 0.25 0.28125 0 1
198 2 23 8 0 0.71875 0.75 0.25 0.28125 0 1
199 2 22 9 0 0.6875 0.71875 0.28125 0.3125 0 1
200 2 23 9 0 0.71875 0.75 0.28125 0.3125 0 1
201 2 24 8 0 0.75 0.78125 0.25 0.28125 0 1
202 2 25 8 0 0.78125 0.8125 0.25 0.28125 0 1
203 2 24 9 0 0.75 0.78125 0.28125 0.3125 0 1
204 2 25 9 0 0.78125 0.8125 0.28125 0.3125 0 1
205 2 26 8 0 0.8125 0.84375 0.25 0.28125 0 1
206 2 27 8 0 0.84375 0.875 0.25 0.28125 0 1
207 2 26 9 0 0.8125 0.84375 0.28125 0.3125 0 1
208 2 27 9 0 0.84375 0.875 0.28125 0.3125 0 1
209 2 28 8 0 0.875 0.90625 0.25 0.28125 0 1
210 2 29 8 0 0.90625 0.9375 0.25 0.28125 0 1
211 2 28 9 0 0.875 0.90625 0.28125 0.3125 0 1
212 2 29 9 0 0.90625 0.9375 0.28125 0.3125 0 1
213 2 30 8 0 0.9375 0.96875 0.25 0.28125 0 1
214 2 31 8 0 0.96875 1 0.25 0.28125 0 1
215 2 30 9 0 0.9375 0.96875 0.28125 0.3125 0 1
216 2 31 9 0 0.96875 1 0.28125 0.3125 0 1
217 2 0 22 0 0 0.03125 0.6875 0.71875 0 1
218 2 1 22 0 0.03125 0.0625 0.6875 0.71875 0 1
219 2 0 23 0 0 0.03125 0.71875 0.75 0 1
220 2 1 23 0 0.03125 0.0625 0.71875 0.75 0 1
221 2 2 22 0 0.0625 0.09375 0.6875 0.71875 0 1
222 2 3 22 0 0.09375 0.125 0.6875 0.71875 0 1
223 2 2 23 0 0.0625 0.09375 0.71875 0.75 0 1
224 2 3 23 0 0.09375 0.125 0.71875 0.75 0 1
225 2 4 22 0 0.125 0.15625 0.6875 0.71875 0 1
226 2 5 22 0 0.15625 0.1875 0.6875 0.71875 0 1
227 2 4 23 0 0.125 0.15625 0.71875 0.75 0 1
228 2 5 23 0 0.15625 0.1875 0.71875 0.75 0 1
229 2 6 22 0 0.1875 0.21875 0.6875 0.71875 0 1
230 2 7 22 0 0.21875 0.25 0.6875 0.71875 0 1
231 2 6 23 0 0.1875 0.21875 0.71875 0.75 0 1
232 2 7 23 0 0.21875 0.25 0.71875 0.75 0 1
233 2 8 22 0 0.25 0.28125 0.6875 0.71875 0 1
234 2 9 22 0 0.28125 0.3125 0.6875 0.71875 0 1
235 2 8 23 0 0.25 0.28125 0.71875 0.75 0 1
236 2 9 23 0 0.28125 0.3125 0.71875 0.75 0 1
237 2 10 22 0 0.3125 0.34375 0.6875 0.71875 0 1
238 2 11 22 0 0.34375 0.375 0.6875 0.71875 0 1
239 2 10 23 0 0.3125 0.34375 0.71875 0.75 0 1
240 2 11 23 0 0.34375 0.375 0.71875 0.75 0 1
241 2 12 22 0 0.375 0.40625 0.6875 0.71875 0 1
242 2 13 22 0 0.40625 0.4375 0.6875 0.71875 0 1
243 2 12 23 0 0.375 0.40625 0.71875 0.75 0 1
244 2 13 23 0 0.40625 0.4375 0.71875 0.75 0 1
245 2 14 22 0 0.4375 0.46875 0.6875 0.71875 0 1
246 2 15 22 0 0.46875 0.5 0.6875 0.71875 0 1
247 2 14 23 0 0.4375 0.46875 0.71875 0.75 0 1
248 2 15 23 0 0.46875 0.5 0.71875 0.75 0 1
249 2 16 22 0 0.5 0.53125 0.6875 0.71875 0 1
250 2 17 22 0 0.53125 0.5625 0.6875 0.71875 0 1
251 2 16 23 0 0.5 0.53125 0.71875 0.75 0 1
252 2 17 23 0 0.53125 0.5625 0.71875 0.75 0 1
253 2 18 22 0 0.5625 0.59375 0.6875 0.71875 0 1
254 2 19 22 0 0.59375 0.625 0.6875 0.71875 0 1
255 2 18 23 0 0.5625 0.59375 0.71875 0.75 0 1
256 2 19 23 0 0.59375 0.625 0.71875 0.75 0 1
257 2 20 22 0 0.625 0.65625 0.6875 0.71875 0 1
258 2 21 22 0 0.65625 0.6875 0.6875 0.71875 0 1
259 2 20 23 0 0.625 0.65625 0.71875 0.75 0 1
260 2 21 23 0 0.65625 0.6875 0.71875 0.75 0 1
261 2 22 22 0 0.6875 0.71875 0.6875 0.71875 0 1
262 2 23 22 0 0.71875 0.75 0.6875 0.71875 0 1
263 2 22 23 0 0.6875 0.71875 0.71875 0.75 0 1
264 2 23 23 0 0.71875 0.75 0.71875 0.75 0 1
265 2 24 22 0 0.75 0.78125 0.6875 0.71875 0 1
266 2 25 22 0 0.78125 0.8125 0.6875 0.71875 0 1
267 2 24 23 0 0.75 0.78125 0.71875 0.75 0 1
268 2 25 23 0 0.78125 0.8125 0.71875 0.75 0 1
269 2 26 22 0 0.8125 0.84375 0.6875 0.71875 0 1
270 2 27 22 0 0.84375 0.875 0.6875 0.71875 0 1
271 2 26 23 0 0.8125 0.84375 0.71875 0.75 0 1
272 2 27 23 0 0.84375 0.875 0.71875 0.75 0 1
273 2 28 22 0 0.875 0.90625 0.6875 0.71875 0 1
274 2 29 22 0 0.90625 0.9375 0.6875 0.71875 0 1
275 2 28 23 0 0.875 0.90625 0.71875 0.75 0 1
276 2 29 23 0 0.90625 0.9375 0.71875 0.75 0 1
277 2 30 22 0 0.9375 0.96875 0.6875 0.71875 0 1
278 2 31 22 0 0.96875 1 0.6875 0.71875 0 1
279 2 30 23 0 0.9375 0.96875 0.71875 0.75 0 1
280 2 31 23 0 0.96875 1 0.71875 0.75 0 1
281 2 0 24 0 0 0.03125 0.75 0.78125 0 1
282 2 1 24 0 0.03125 0.0625 0.75 0.78125 0 1
283 2 0 25 0 0 0.03125 0.78125 0.8125 0 1
284 2 1 25 0 0.03125 0.0625 0.78125 0.8125 0 1
285 2 2 24 0 0.0625 0.09375 0.75 0.78125 0 1
286 2 3 24 0 0.09375 0.125 0.75 0.78125 0 1
287 2 2 25 0 0.0625 0.09375 0.78125 0.8125 0 1
288 2 3 25 0 0.09375 0.125 0.78125 0.8125 0 1
289 2 4 24 0 0.125 0.15625 0.75 0.78125 0 1
290 2 5 24 0 0.15625 0.1875 0.75 0.78125 0 1
291 2 4 25 0 0.125 0.15625 0.78125 0.8125 0 1
292 2 5 25 0 0.15625 0.1875 0.78125 0.8125 0 1
293 2 6 24 0 0.1875 0.21875 0.75 0.78125 0 1
294 2 7 24 0 0.21875 0.25 0.75 0.78125 0 1
295 2 6 25 0 0.1875 0.21875 0.78125 0.8125 0 1
296 2 7 25 0 0.21875 0.25 0.78125 0.8125 0 1
297 2 8 24 0 0.25 0.28125 0.75 0.78125 0 1
298 2 9 24 0 0.28125 0.3125 0.75 0.78125 0 1
299 2 8 25 0 0.25 0.28125 0.78125 0.8125 0 1
300 2 9 25 0 0.28125 0.3125 0.78125 0.8125 0 1
301 2 10 24 0 0.3125 0.34375 0.75 0.78125 0 1
302 2 11 24 0 0.34375 0.375 0.75 0.78125 0 1
303 2 10 25 0 0.3125 0.34375 0.78125 0.8125 0 1
304 2 11 25 0 0.34375 0.375 0.78125 0.8125 0 1
305 2 12 24 0 0.375 0.40625 0.75 0.78125 0 1
306 2 13 24 0 0.40625 0.4375 0.75 0.78125 0 1
307 2 12 25 0 0.375 0.40625 0.78125 0.8125 0 1
308 2 13 25 0 0.40625 0.4375 0.78125 0.8125 0 1
309 2 14 24 0 0.4375 0.46875 0.75 0.78125 0 1
310 2 15 24 0 0.46875 0.5 0.75 0.78125 0 1
311 2 14 25 0 0.4375 0.46875 0.78125 0.8125 0 1
312 2 15 25 0 0.46875 0.5 0.78125 0.8125 0 1
313 2 16 24 0 0.5 0.53125 0.75 0.78125 0 1
314 2 17 24 0 0.53125 0.5625 0.75 0.78125 0 1
315 2 16 25 0 0.5 0.53125 0.78125 0.8125 0 1
316 2 17 25 0 0.53125 0.5625 0.78125 0.8125 0 1
317 2 18 24 0 0.5625 0.59375 0.75 0.78125 0 1
318 2 19 24 0 0.59375 0.625 0.75 0.78125 0 1
319 2 18 25 0 0.5625 0.59375 0.78125 0.8125 0 1
320 2 19 25 0 0.59375 0.625 0.78125 0.8125 0 1
321 2 20 24 0 0.625 0.65625 0.75 0.78125 0 1
322 2 21 24 0 0.65625 0.6875 0.75 0.78125 0 1
323 2 20 25 0 0.625 0.65625 0.78125 0.8125 0 1
324 2 21 25 0 0.65625 0.6875 0.78125 0.8125 0 1
325 2 22 24 0 0.6875 0.71875 0.75 0.78125 0 1
326 2 23 24 0 0.71875 0.75 0.75 0.78125 0 1
327 2 22 25 0 0.6875 0.71875 0.78125 0.8125 0 1
328 2 23 25 0 0.71875 0.75 0.78125 0.8125 0 1
329 2 24 24 0 0.75 0.78125 0.75 0.78125 0 1
330 2 25 24 0 0.78125 0.8125 0.75 0.78125 0 1
331 2 24 25 0 0.75 0.78125 0.78125 0.8125 0 1
332 2 25 25 0 0.78125 0.8125 0.78125 0.8125 0 1
333 2 26 24 0 0.8125 0.84375 0.75 0.78125 0 1
334 2 27 24 0 0.84375 0.875 0.75 0.78125 0 1
335 2 26 25 0 0.8125 0.84375 0.78125 0.8125 0 1
336 2 27 25 0 0.84375 0.875 0.78125 0.8125 0 1
337 2 28 24 0 0.875 0.90625 0.75 0.78125 0 1
338 2 29 24 0 0.90625 0.9375 0.75 0.78125 0 1
339 2 28 25 0 0.875 0.90625 0.78125 0.8125 0 1
340 2 29 25 0 0.90625 0.9375 0.78125 0.8125 0 1
341 2 30 24 0 0.9375 0.96875 0.75 0.78125 0 1
342 2 31 24 0 0.96875 1 0.75 0.78125 0 1
343 2 30 25 0 0.9375 0.96875 0.78125 0.8125 0 1
344 2 31 25 0 0.96875 1 0.78125 0.8125 0 1
345 2 6 4 0 0.1875 0.21875 0.125 0.15625 0 1
346 2 7 4 0 0.21875 0.25 0.125 0.15625 0 1
347 2 6 5 0 0.1875 0.21875 0.15625 0.1875 0 1
348 2 7 5 0 0.21875 0.25 0.15625 0.1875 0 1
349 2 22 4 0 0.6875 0.71875 0.125 0.15625 0 1
350 2 23 4 0 0.71875 0.75 0.125 0.15625 0 1
351 2 22 5 0 0.6875 0.71875 0.15625 0.1875 0 1
352 2 23 5 0 0.71875 0.75 0.15625 0.1875 0 1
353 1 2 0 0 0.125 0.1875 0 0.0625 0 1
354 1 3 0 0 0.1875 0.25 0 0.0625 0 1
355 2 8 5 0 0.25 0.28125 0.15625 0.1875 0 1
356 2 9 5 0 0.28125 0.3125 0.15625 0.1875 0 1
357 2 24 4 0 0.75 0.78125 0.125 0.15625 0 1
358 2 25 4 0 0.78125 0.8125 0.125 0.15625 0 1
359 2 24 5 0 0.75 0.78125 0.15625 0.1875 0 1
360 2 25 5 0 0.78125 0.8125 0.15625 0.1875 0 1
361 1 12 0 0 0.75 0.8125 0 0.0625 0 1
362 1 13 0 0 0.8125 0.875 0 0.0625 0 1
363 1 12 1 0 0.75 0.8125 0.0625 0.125 0 1
364 1 13 1 0 0.8125 0.875 0.0625 0.125 0 1
365 1 2 0 0 0.125 0.4375 0 0.0625 0 1
366 1 3 0 0 0.4375 0.75 0 0.0625 0 1
367 1 2 1 0 0.125 0.4375 0.0625 0.125 0 1
368 1 3 1 0 0.4375 0.75 0.0625 0.125 0 1
369 1 10 0 0 0.25 0.5 0.0625 0.109375 0 1
370 1 11 0 0 0.5 0.75 0.0625 0.109375 0 1
371 1 10 1 0 0.25 0.5 0.109375 0.15625 0 1
372 1 11 1 0 0.5 0.75 0.109375 0.15625 0 1
