# nblocks max_level ndim NBx NBy NBz Nfx Nfy Nfz
28 1 2 4 4 1 32 32 1
# ib level lx ly lz x0 x1 y0 y1 z0 z1
0 0 0 0 0 0 0.25 0 0.25 0 1
1 0 1 0 0 0.25 0.5 0 0.25 0 1
2 0 2 0 0 0.5 0.75 0 0.25 0 1
3 0 3 0 0 0.75 1 0 0.25 0 1
4 0 0 1 0 0 0.25 0.25 0.5 0 1
5 0 3 1 0 0.75 1 0.25 0.5 0 1
6 0 0 2 0 0 0.25 0.5 0.75 0 1
7 0 3 2 0 0.75 1 0.5 0.75 0 1
8 0 0 3 0 0 0.25 0.75 1 0 1
9 0 1 3 0 0.25 0.5 0.75 1 0 1
10 0 2 3 0 0.5 0.75 0.75 1 0 1
11 0 3 3 0 0.75 1 0.75 1 0 1
12 1 2 2 0 0.25 0.375 0.25 0.375 0 1
13 1 3 2 0 0.375 0.5 0.25 0.375 0 1
14 1 2 3 0 0.25 0.375 0.375 0.5 0 1
15 1 3 3 0 0.375 0.5 0.375 0.5 0 1
16 1 4 2 0 0.5 0.625 0.25 0.375 0 1
17 1 5 2 0 0.625 0.75 0.25 0.375 0 1
18 1 4 3 0 0.5 0.625 0.375 0.5 0 1
19 1 5 3 0 0.625 0.75 0.375 0.5 0 1
20 1 2 4 0 0.25 0.375 0.5 0.625 0 1
21 1 3 4 0 0.375 0.5 0.5 0.625 0 1
22 1 2 5 0 0.25 0.375 0.625 0.75 0 1
23 1 3 5 0 0.375 0.5 0.625 0.75 0 1
24 1 4 4 0 0.5 0.625 0.5 0.625 0 1
25 1 5 4 0 0.625 0.75 0.5 0.625 0 1
26 1 4 5 0 0.5 0.625 0.625 0.75 0 1
27 1 5 5 0 0.625 0.75 0.625 0.75 0 1
