# nblocks max_level ndim NBx NBy NBz Nfx Nfy Nfz
16 0 2 4 4 1 16 16 1
# ib level lx ly lz x0 x1 y0 y1 z0 z1
0 0 0 0 0 0 0.25 0 0.25 0 1
1 0 1 0 0 0.25 0.5 0 0.25 0 1
2 0 2 0 0 0.5 0.75 0 0.25 0 1
3 0 3 0 0 0.75 1 0 0.25 0 1
4 0 0 1 0 0 0.25 0.25 0.5 0 1
5 0 1 1 0 0.25 0.5 0.25 0.5 0 1
6 0 2 1 0 0.5 0.75 0.25 0.5 0 1
7 0 3 1 0 0.75 1 0.25 0.5 0 1
8 0 0 2 0 0 0.25 0.5 0.75 0 1
9 0 1 2 0 0.25 0.5 0.5 0.75 0 1
10 0 2 2 0 0.5 0.75 0.5 0.75 0 1
11 0 3 2 0 0.75 1 0.5 0.75 0 1
12 0 0 3 0 0 0.25 0.75 1 0 1
13 0 1 3 0 0.25 0.5 0.75 1 0 1
14 0 2 3 0 0.5 0.75 0.75 1 0 1
15 0 3 3 0 0.75 1 0.75 1 0 1
